UNIQID	年齡	網路攻擊暴露	網路攻擊行為	政治與公共事務暴露	國民黨溫度	民進黨溫度
r103	36.0	3.6	1.4	2.75	90.0	100.0
r314	43.0	2.6	1.0	2.5	100.0	100.0
r307	34.0	4.0	1.0	1.75	80.0	3.0
r428	36.0	4.0	2.6	3.0	80.0	10.0
r62	32.0	2.8	1.0	1.5	80.0	10.0
r54	27.0	3.8	2.2	2.75	80.0	0.0
r391	21.0	3.6	1.2	2.25	80.0	0.0
r386	21.0	3.0	1.0	3.0	80.0	20.0
r402	22.0	3.2	1.4	2.5	70.0	20.0
r443	25.0	4.0	3.2	2.5	100.0	0.0
r212	26.0	3.4	3.4	3.5	100.0	0.0
r352	48.0	3.2	1.4	3.25	80.0	10.0
r73	48.0	3.6	1.0	3.5	85.0	10.0
r350	47.0	3.2	1.0	2.0	84.0	1.0
r104	44.0	2.8	1.0	3.0	90.0	5.0
r66	46.0	3.0	1.2	2.5	90.0	1.0
r279	48.0	3.0	1.0	3.25	100.0	5.0
r332	38.0	2.8	1.6	2.5	92.0	4.0
r40	36.0	3.2	1.2	3.25	100.0	3.0
r292	58.0	3.0	2.0	3.0	100.0	0.0
r64	59.0	2.0	1.0	2.25	90.0	0.0
r333	73.0	2.8	1.0	3.25	91.0	0.0
r227	71.0	3.8	1.2	2.75	95.0	0.0
r255	70.0	3.0	1.2	2.5	80.0	0.0
r228	65.0	1.2	1.0	2.5	80.0	2.0
r293	59.0	3.4	1.0	3.5	96.0	42.0
r45	70.0	2.0	1.0	2.25	90.0	52.0
r151	44.0	2.6	1.0	3.0	90.0	50.0
r188	49.0	2.8	1.2	2.5	75.0	50.0
r223	47.0	2.2	1.2	2.25	80.0	50.0
r76	44.0	3.0	1.0	2.25	80.0	50.0
r101	56.0	2.8	1.4	2.75	71.0	54.0
r11	64.0	3.2	1.4	3.0	65.0	40.0
r93	69.0	1.6	1.0	2.0	87.0	19.0
r275	57.0	2.8	1.0	2.25	78.0	37.0
r126	65.0	2.0	1.0	2.0	82.0	32.0
r201	47.0	3.0	1.0	3.0	82.0	33.0
r100	45.0	2.8	1.0	3.25	82.0	26.0
r41	50.0	3.0	1.2	2.5	70.0	30.0
r140	58.0	3.0	1.4	2.5	85.0	25.0
r10	54.0	2.2	1.0	2.75	80.0	20.0
r189	27.0	3.8	2.2	2.75	65.0	0.0
r32	24.0	3.2	1.0	3.0	60.0	1.0
r383	21.0	3.0	1.8	2.75	50.0	0.0
r363	25.0	4.0	2.2	2.75	50.0	0.0
r408	20.0	3.0	1.4	3.0	45.0	10.0
r414	21.0	2.8	1.4	2.75	43.0	14.0
r107	23.0	2.6	1.0	2.25	50.0	10.0
r30	24.0	3.8	1.0	1.75	50.0	10.0
r166	30.0	2.4	1.2	3.0	50.0	20.0
r304	35.0	3.6	1.0	3.25	40.0	14.0
r60	33.0	3.0	1.0	1.75	40.0	20.0
r27	37.0	3.0	1.0	3.25	42.0	21.0
r23	32.0	3.0	1.6	3.25	45.0	10.0
r468	34.0	3.2	1.0	2.75	30.0	5.0
r115	33.0	3.0	1.2	2.25	30.0	0.0
r224	41.0	3.2	1.2	2.25	30.0	0.0
r154	38.0	3.4	1.4	3.0	30.0	1.0
r105	39.0	3.2	2.2	3.5	31.0	0.0
r311	46.0	4.0	1.0	3.25	20.0	0.0
r150	56.0	2.8	1.2	3.0	27.0	3.0
r291	61.0	2.4	1.0	2.5	40.0	20.0
r219	59.0	3.0	1.2	2.75	38.0	20.0
r354	50.0	3.8	1.4	3.5	40.0	9.0
r144	55.0	3.2	1.2	3.25	45.0	10.0
r222	46.0	2.2	1.8	3.0	37.0	16.0
r38	48.0	3.8	1.2	3.5	30.0	10.0
r286	65.0	4.0	1.0	3.0	50.0	0.0
r277	63.0	4.0	1.0	2.75	60.0	0.0
r95	48.0	2.0	1.6	2.0	60.0	15.0
r145	60.0	3.0	1.0	2.5	62.0	21.0
r102	53.0	2.6	1.2	2.5	60.0	24.0
r179	58.0	3.0	1.0	2.75	60.0	10.0
r135	61.0	3.2	1.4	2.5	60.0	15.0
r86	57.0	2.6	1.4	3.25	60.0	15.0
r130	44.0	2.0	1.2	2.25	60.0	0.0
r315	36.0	4.0	1.0	3.75	60.0	5.0
r368	45.0	3.8	1.2	2.25	70.0	0.0
r305	44.0	3.0	1.0	3.75	55.0	5.0
r298	48.0	3.4	1.0	3.25	50.0	5.0
r264	50.0	2.8	1.8	3.0	53.0	5.0
r313	52.0	3.0	1.2	3.0	50.0	1.0
r205	48.0	3.2	1.0	3.5	55.0	1.0
r137	49.0	2.8	1.0	3.5	52.0	0.0
r273	42.0	3.6	2.0	2.75	51.0	20.0
r131	46.0	4.0	2.8	3.25	46.0	15.0
r4	44.0	3.2	1.4	3.75	50.0	10.0
r67	73.0	1.6	1.0	2.75	0.0	0.0
r91	55.0	3.8	2.0	2.75	0.0	0.0
r90	61.0	2.4	1.2	3.75	0.0	0.0
r96	48.0	4.0	1.2	3.25	1.0	5.0
r349	47.0	2.6	1.0	3.0	0.0	0.0
r317	42.0	3.2	1.8	3.5	0.0	0.0
r34	44.0	3.0	1.2	3.0	0.0	0.0
r407	21.0	3.2	1.2	3.0	2.0	4.0
r169	21.0	3.0	2.0	2.75	2.0	2.0
r387	21.0	2.8	1.0	3.25	0.0	0.0
r456	22.0	4.0	1.0	3.5	0.0	0.0
r53	22.0	4.0	2.0	3.5	0.0	0.0
r424	30.0	4.0	1.2	3.75	5.0	1.0
r485	29.0	3.6	2.6	2.25	4.0	5.0
r458	30.0	3.8	2.2	3.25	0.0	0.0
r336	30.0	3.2	2.0	3.25	0.0	0.0
r155	31.0	3.8	1.0	2.5	0.0	0.0
r241	26.0	4.0	2.0	3.25	0.0	0.0
r190	25.0	3.2	1.6	2.5	1.0	1.0
r444	27.0	3.8	1.0	2.25	1.0	1.0
r119	28.0	3.0	1.2	3.25	0.0	2.0
r47	28.0	4.0	1.0	3.5	0.0	2.0
r482	32.0	3.0	2.0	2.5	0.0	5.0
r204	36.0	3.4	3.2	3.25	0.0	0.0
r84	34.0	4.0	1.0	3.5	0.0	0.0
r421	35.0	4.0	1.0	3.0	0.0	0.0
r134	35.0	3.8	1.6	3.0	0.0	0.0
r28	35.0	3.4	1.2	3.0	0.0	0.0
r429	36.0	2.8	1.0	3.5	6.0	6.0
r99	33.0	2.4	2.0	3.0	0.0	12.0
r159	36.0	3.8	1.4	2.75	0.0	10.0
r17	37.0	4.0	1.2	3.0	0.0	10.0
r377	21.0	3.0	1.4	2.75	14.0	20.0
r484	23.0	3.0	1.0	2.5	15.0	20.0
r471	27.0	3.8	2.4	3.0	20.0	20.0
r478	23.0	4.0	2.4	3.5	19.0	25.0
r216	24.0	3.6	2.0	3.0	20.0	25.0
r449	21.0	3.8	2.8	3.25	25.0	26.0
r390	21.0	3.6	2.0	3.0	25.0	25.0
r72	20.0	3.4	2.6	3.0	24.0	24.0
r380	20.0	4.0	1.4	3.25	18.0	12.0
r372	19.0	4.0	2.6	3.25	13.0	13.0
r280	25.0	3.6	2.4	3.25	10.0	15.0
r378	21.0	3.8	1.0	3.5	10.0	15.0
r122	24.0	3.0	1.6	2.5	10.0	10.0
r431	28.0	3.4	2.6	3.75	10.0	20.0
r51	33.0	4.0	1.2	4.0	10.0	20.0
r419	28.0	2.6	1.0	2.75	10.0	10.0
r242	29.0	3.0	1.2	3.25	10.0	10.0
r474	32.0	3.8	1.8	2.75	10.0	10.0
r26	31.0	2.8	1.0	2.5	10.0	15.0
r272	41.0	3.8	1.4	3.25	7.0	18.0
r94	52.0	3.4	2.0	3.0	10.0	20.0
r203	43.0	3.2	1.2	3.0	17.0	20.0
r356	40.0	2.6	1.0	3.0	20.0	20.0
r271	41.0	4.0	1.0	3.0	20.0	20.0
r21	39.0	4.0	1.8	3.75	20.0	20.0
r274	34.0	2.2	1.2	3.0	19.0	9.0
r318	42.0	4.0	1.8	2.75	20.0	10.0
r16	41.0	3.6	1.0	2.0	20.0	10.0
r8	60.0	1.0	1.0	2.5	18.0	18.0
r80	77.0	3.2	1.2	2.75	40.0	70.0
r25	71.0	3.0	2.0	3.0	45.0	60.0
r337	68.0	2.8	1.4	2.5	50.0	75.0
r215	53.0	3.0	1.0	2.75	42.0	77.0
r22	58.0	2.2	1.0	2.5	50.0	80.0
r328	56.0	2.2	1.2	2.5	45.0	65.0
r118	62.0	3.0	1.0	2.5	45.0	60.0
r3	61.0	2.4	1.4	3.25	40.0	71.0
r343	51.0	3.0	1.0	3.5	58.0	51.0
r250	53.0	2.2	1.0	3.5	60.0	50.0
r111	53.0	2.8	1.0	3.0	57.0	57.0
r207	55.0	3.2	1.4	3.0	50.0	45.0
r172	56.0	2.2	1.2	3.0	48.0	47.0
r153	55.0	4.0	1.0	3.25	48.0	42.0
r282	56.0	1.4	1.0	2.25	51.0	50.0
r301	54.0	3.0	2.0	3.0	50.0	50.0
r269	55.0	2.8	1.0	2.75	51.0	50.0
r211	56.0	4.0	1.0	2.75	50.0	50.0
r114	58.0	2.6	1.0	2.0	50.0	50.0
r139	49.0	2.0	1.6	3.5	50.0	45.0
r288	49.0	4.0	1.0	1.0	50.0	50.0
r323	49.0	3.0	1.0	2.5	50.0	51.0
r108	50.0	2.0	1.2	2.75	50.0	50.0
r263	67.0	3.2	1.0	2.0	50.0	50.0
r344	61.0	3.0	1.0	2.75	50.0	50.0
r364	64.0	1.0	1.0	2.0	51.0	51.0
r217	63.0	2.2	1.0	2.5	50.0	50.0
r240	66.0	2.2	1.8	3.0	50.0	40.0
r366	41.0	4.0	1.2	2.5	50.0	70.0
r285	45.0	3.0	1.0	2.75	50.0	70.0
r302	49.0	2.0	1.2	2.5	50.0	60.0
r143	47.0	3.8	1.8	2.75	50.0	60.0
r46	44.0	2.0	1.0	3.25	50.0	60.0
r233	42.0	3.6	1.0	2.5	36.0	59.0
r266	42.0	2.2	1.0	3.0	40.0	55.0
r174	43.0	2.6	1.0	2.75	45.0	55.0
r136	41.0	3.2	1.2	2.25	44.0	52.0
r258	42.0	2.4	1.6	3.25	45.0	46.0
r330	42.0	3.4	1.6	3.75	50.0	45.0
r176	40.0	3.0	1.8	3.25	50.0	50.0
r87	39.0	2.0	1.0	2.75	50.0	50.0
r161	43.0	2.8	1.4	2.5	50.0	50.0
r351	44.0	3.0	1.0	2.5	50.0	50.0
r132	44.0	2.4	1.0	2.0	50.0	50.0
r97	42.0	3.0	1.4	3.5	50.0	50.0
r14	45.0	3.8	1.4	3.5	50.0	50.0
r420	29.0	4.0	1.0	3.0	65.0	40.0
r157	34.0	4.0	2.2	2.5	58.0	39.0
r124	36.0	2.6	1.8	2.75	60.0	45.0
r234	52.0	3.2	1.0	3.5	60.0	40.0
r221	45.0	4.0	1.0	3.0	65.0	50.0
r109	47.0	2.2	1.0	3.75	65.0	45.0
r123	37.0	2.8	1.8	3.25	60.0	21.0
r167	44.0	3.0	1.0	3.5	62.0	29.0
r359	40.0	4.0	2.0	4.0	60.0	30.0
r303	29.0	3.0	2.0	2.75	30.0	30.0
r61	24.0	3.2	1.8	3.5	30.0	30.0
r308	32.0	4.0	2.4	3.25	30.0	20.0
r199	32.0	4.0	2.6	2.75	20.0	35.0
r464	35.0	3.8	1.6	3.5	20.0	35.0
r247	32.0	3.2	1.0	3.25	20.0	27.0
r316	37.0	4.0	1.8	3.0	30.0	35.0
r195	40.0	3.0	1.4	3.25	28.0	35.0
r69	37.0	3.0	1.6	3.0	30.0	40.0
r335	41.0	4.0	2.4	3.0	30.0	30.0
r312	40.0	4.0	1.0	3.25	29.0	30.0
r77	38.0	4.0	1.0	3.75	30.0	30.0
r460	36.0	2.4	1.0	2.5	30.0	30.0
r37	33.0	2.8	1.6	2.75	30.0	30.0
r283	40.0	3.6	2.0	2.75	41.0	26.0
r348	35.0	3.4	2.2	2.75	40.0	30.0
r75	39.0	3.8	1.6	3.5	40.0	30.0
r353	35.0	3.6	2.4	3.25	50.0	35.0
r300	32.0	3.0	2.0	3.25	50.0	30.0
r310	32.0	2.8	1.0	3.0	46.0	44.0
r365	38.0	3.0	1.0	2.5	40.0	50.0
r427	37.0	2.8	1.0	3.0	45.0	45.0
r59	37.0	3.6	1.8	2.75	40.0	45.0
r295	40.0	2.4	1.0	3.0	40.0	40.0
r158	42.0	2.8	1.4	2.5	40.0	40.0
r113	42.0	3.4	1.0	3.0	40.0	40.0
r278	38.0	2.2	1.0	3.25	39.0	41.0
r440	37.0	2.2	1.0	2.75	41.0	41.0
r128	40.0	2.2	2.0	3.0	41.0	35.0
r42	43.0	2.6	1.2	3.75	37.0	35.0
r197	27.0	4.0	1.6	2.5	40.0	40.0
r254	23.0	3.8	1.6	3.25	38.0	38.0
r373	20.0	2.6	1.0	3.25	40.0	40.0
r193	31.0	3.0	1.0	2.75	35.0	36.0
r182	29.0	4.0	1.0	3.25	37.0	37.0
r206	34.0	2.8	1.2	3.0	40.0	40.0
r29	32.0	4.0	2.4	3.25	40.0	40.0
r433	38.0	2.0	1.4	2.75	50.0	40.0
r325	46.0	2.8	1.4	3.5	49.0	39.0
r152	46.0	2.0	1.0	2.5	49.0	38.0
r39	47.0	2.6	1.0	3.0	50.0	30.0
r289	47.0	3.0	1.0	2.75	40.0	30.0
r164	49.0	3.6	1.6	3.5	39.0	39.0
r229	53.0	2.6	1.0	2.75	42.0	37.0
r6	53.0	3.0	1.6	3.0	40.0	36.0
r371	19.0	3.0	2.2	3.75	60.0	35.0
r209	24.0	3.2	1.4	2.75	50.0	40.0
r385	21.0	3.6	1.6	3.0	55.0	30.0
r412	21.0	3.2	1.8	3.25	50.0	30.0
r465	24.0	4.0	1.2	2.5	50.0	30.0
r43	26.0	2.8	1.2	2.75	50.0	30.0
r476	26.0	3.0	1.0	2.75	42.0	51.0
r375	21.0	2.8	1.8	3.0	42.0	45.0
r480	20.0	3.0	1.4	3.0	37.0	47.0
r410	22.0	4.0	2.8	3.5	40.0	50.0
r238	30.0	3.0	1.6	3.5	52.0	55.0
r452	27.0	3.0	1.0	3.25	50.0	50.0
r147	26.0	2.8	1.0	3.0	50.0	50.0
r469	26.0	3.8	2.2	2.5	49.0	49.0
r423	29.0	4.0	1.8	3.0	50.0	50.0
r270	30.0	3.4	1.0	2.25	50.0	50.0
r171	28.0	2.0	1.0	2.5	50.0	50.0
r426	28.0	3.6	1.0	3.0	50.0	50.0
r173	28.0	3.0	1.0	3.25	50.0	50.0
r362	29.0	2.8	1.0	3.25	50.0	50.0
r479	29.0	2.4	1.6	2.75	50.0	50.0
r82	29.0	2.6	2.0	3.25	50.0	50.0
r329	36.0	3.2	1.0	2.75	53.0	53.0
r281	36.0	3.0	1.0	2.75	51.0	49.0
r297	35.0	2.4	1.2	3.5	50.0	50.0
r220	36.0	2.8	1.0	3.0	50.0	50.0
r127	35.0	4.0	1.2	3.25	50.0	50.0
r488	32.0	2.4	1.8	2.5	50.0	50.0
r191	32.0	3.0	1.0	3.0	50.0	50.0
r74	32.0	2.4	1.2	3.0	50.0	50.0
r70	36.0	2.2	1.0	2.0	46.0	50.0
r409	21.0	3.4	1.2	3.5	55.0	45.0
r178	21.0	2.6	1.4	2.5	53.0	52.0
r438	21.0	2.6	1.0	1.75	50.0	50.0
r413	21.0	2.8	2.4	3.25	50.0	50.0
r376	21.0	2.6	2.0	2.75	50.0	50.0
r415	20.0	3.8	1.0	3.0	50.0	50.0
r396	20.0	3.0	1.0	3.5	50.0	50.0
r401	21.0	3.4	1.0	3.25	50.0	50.0
r381	21.0	3.2	1.4	3.0	50.0	50.0
r398	20.0	2.8	2.0	3.0	50.0	50.0
r379	20.0	2.2	1.8	2.5	50.0	50.0
r400	20.0	2.6	1.0	2.5	50.0	50.0
r253	20.0	2.4	1.0	2.75	50.0	50.0
r345	23.0	3.0	2.0	2.5	51.0	51.0
r404	22.0	2.4	1.2	3.0	50.0	50.0
r447	23.0	3.6	2.0	2.5	50.0	50.0
r394	23.0	2.8	2.0	2.0	50.0	50.0
r466	23.0	2.8	1.0	2.5	50.0	50.0
r19	23.0	3.2	1.2	2.5	50.0	50.0
r430	30.0	3.4	1.6	3.0	50.0	70.0
r392	22.0	2.8	2.0	3.25	52.0	71.0
r31	25.0	3.2	1.4	2.25	40.0	71.0
r436	33.0	3.0	1.2	2.5	50.0	60.0
r287	39.0	2.8	1.0	2.5	45.0	63.0
r230	37.0	2.8	1.0	2.75	38.0	62.0
r208	35.0	4.0	1.0	3.5	40.0	60.0
r442	32.0	4.0	2.0	3.0	40.0	60.0
r9	31.0	4.0	1.0	2.5	41.0	60.0
r374	20.0	3.4	1.0	3.25	50.0	60.0
r36	21.0	3.0	1.4	2.75	50.0	60.0
r388	22.0	3.0	1.2	2.0	40.0	60.0
r416	24.0	3.0	1.4	2.5	40.0	59.0
r2	25.0	3.2	1.2	2.75	40.0	60.0
r435	25.0	3.0	1.0	2.25	60.0	80.0
r78	39.0	2.8	1.0	1.75	51.0	89.0
r461	34.0	3.6	1.2	2.0	65.0	85.0
r327	42.0	3.6	1.0	2.75	60.0	80.0
r141	48.0	4.0	1.0	3.0	61.0	89.0
r451	28.0	2.6	1.0	3.5	80.0	80.0
r338	41.0	3.2	1.0	2.75	75.0	84.0
r225	42.0	2.8	1.0	3.5	78.0	75.0
r249	53.0	2.2	1.0	1.5	87.0	70.0
r120	43.0	3.8	2.0	3.0	70.0	65.0
r226	33.0	4.0	1.6	3.0	70.0	71.0
r192	38.0	3.0	1.0	3.25	66.0	70.0
r361	43.0	2.0	1.0	2.5	60.0	70.0
r267	41.0	3.6	1.6	4.0	60.0	70.0
r262	44.0	3.2	1.2	3.5	60.0	65.0
r257	44.0	2.4	1.0	2.5	60.0	60.0
r63	42.0	3.8	2.0	3.0	65.0	60.0
r214	34.0	3.0	1.0	2.25	66.0	52.0
r418	34.0	3.0	1.0	3.0	60.0	60.0
r200	35.0	2.4	1.0	2.5	60.0	60.0
r473	28.0	3.6	1.0	3.25	70.0	60.0
r56	25.0	2.4	1.6	3.25	70.0	60.0
r437	27.0	3.6	2.0	3.25	75.0	45.0
r58	25.0	3.8	1.2	3.25	80.0	50.0
r384	21.0	2.8	1.4	3.25	65.0	50.0
r406	20.0	3.6	1.8	3.5	10.0	60.0
r399	21.0	3.8	1.2	3.25	15.0	60.0
r237	24.0	3.0	1.8	2.75	15.0	60.0
r239	20.0	4.0	2.6	3.0	25.0	60.0
r393	22.0	2.4	1.8	2.75	20.0	65.0
r450	27.0	4.0	1.0	3.5	25.0	45.0
r457	26.0	3.8	1.8	1.75	20.0	40.0
r290	22.0	3.8	1.6	3.5	30.0	40.0
r218	23.0	3.8	1.6	2.75	30.0	40.0
r395	22.0	3.2	1.6	2.5	27.0	50.0
r202	22.0	4.0	1.0	3.25	25.0	50.0
r448	23.0	4.0	2.8	3.5	30.0	50.0
r382	22.0	3.4	1.8	2.5	30.0	60.0
r52	26.0	2.8	1.2	2.5	30.0	60.0
r196	25.0	3.2	2.4	3.0	30.0	55.0
r35	29.0	2.8	2.0	3.25	29.0	56.0
r181	46.0	4.0	1.4	3.0	25.0	50.0
r232	42.0	3.2	1.2	3.0	30.0	50.0
r231	39.0	3.2	1.0	3.25	30.0	50.0
r252	39.0	3.4	1.0	3.75	20.0	50.0
r463	32.0	2.6	2.0	2.5	28.0	47.0
r235	35.0	4.0	1.0	3.0	28.0	49.0
r20	34.0	4.0	1.6	3.5	25.0	50.0
r180	33.0	3.0	2.0	3.0	25.0	60.0
r71	36.0	3.0	1.0	3.0	25.0	60.0
r309	38.0	2.6	1.2	3.0	20.0	60.0
r369	32.0	3.2	2.0	2.25	18.0	59.0
r15	34.0	3.4	1.6	3.0	20.0	60.0
r246	53.0	3.6	1.6	2.5	20.0	40.0
r245	52.0	2.6	1.2	2.25	20.0	39.0
r334	34.0	3.2	1.0	2.75	13.0	40.0
r160	37.0	3.2	2.2	2.5	7.0	38.0
r260	42.0	3.6	2.0	3.5	15.0	40.0
r13	42.0	3.0	1.4	3.25	20.0	44.0
r483	28.0	2.8	1.0	1.75	7.0	31.0
r389	21.0	3.6	2.4	2.5	10.0	32.0
r403	21.0	3.8	1.0	2.75	0.0	30.0
r405	20.0	3.4	1.0	2.75	5.0	30.0
r276	31.0	4.0	2.2	3.75	1.0	41.0
r299	28.0	3.6	2.4	3.5	4.0	44.0
r439	25.0	3.0	2.6	3.0	0.0	40.0
r459	27.0	4.0	1.6	3.25	0.0	40.0
r475	34.0	3.8	1.8	3.25	0.0	35.0
r148	31.0	3.0	2.0	3.5	2.0	35.0
r44	31.0	4.0	1.6	3.5	0.0	30.0
r472	27.0	4.0	2.4	2.5	0.0	50.0
r487	27.0	3.0	1.2	2.5	1.0	50.0
r467	26.0	3.0	2.0	3.75	3.0	50.0
r441	24.0	3.4	1.0	2.75	0.0	50.0
r417	24.0	4.0	1.4	3.0	0.0	49.0
r156	25.0	3.0	2.0	3.25	0.0	50.0
r454	24.0	3.2	2.0	2.75	1.0	52.0
r133	25.0	4.0	1.2	3.0	1.0	52.0
r370	19.0	3.4	2.0	3.25	0.0	45.0
r462	24.0	2.8	1.4	3.0	10.0	47.0
r324	43.0	3.0	1.8	2.25	0.0	59.0
r294	42.0	4.0	1.8	3.25	1.0	60.0
r265	40.0	4.0	2.0	3.25	3.0	60.0
r306	39.0	3.6	2.0	3.25	0.0	50.0
r486	34.0	3.6	1.0	3.0	2.0	50.0
r331	36.0	3.0	1.0	3.5	1.0	50.0
r125	36.0	3.0	1.4	3.25	0.0	50.0
r446	37.0	4.0	1.0	3.0	0.0	55.0
r357	42.0	3.0	1.0	2.5	1.0	45.0
r341	47.0	3.0	1.6	2.25	2.0	50.0
r33	44.0	3.0	1.2	3.25	1.0	50.0
r432	32.0	3.0	1.8	3.5	10.0	50.0
r481	29.0	4.0	1.2	3.25	10.0	50.0
r453	32.0	4.0	2.0	3.75	6.0	50.0
r65	41.0	2.4	1.0	2.75	10.0	47.0
r165	35.0	2.0	1.0	2.75	10.0	50.0
r434	37.0	4.0	1.0	3.0	11.0	50.0
r12	37.0	3.8	1.8	2.75	10.0	51.0
r340	74.0	3.2	1.0	2.0	0.0	90.0
r367	72.0	3.4	1.2	2.75	5.0	86.0
r170	66.0	3.8	1.0	2.25	0.0	90.0
r138	67.0	3.2	1.4	3.0	0.0	90.0
r339	60.0	2.4	1.0	2.25	8.0	80.0
r121	65.0	2.0	1.0	3.25	20.0	80.0
r194	52.0	2.4	1.8	2.75	25.0	89.0
r184	55.0	2.6	1.2	2.5	20.0	90.0
r142	72.0	2.0	1.4	2.0	13.0	66.0
r261	64.0	3.6	1.6	3.0	4.0	70.0
r89	68.0	2.0	1.4	3.0	1.0	71.0
r347	61.0	2.8	1.0	2.25	7.0	64.0
r296	59.0	3.6	1.6	3.5	5.0	62.0
r163	65.0	2.0	1.0	1.25	5.0	60.0
r49	60.0	3.8	1.8	2.75	0.0	60.0
r244	64.0	3.0	1.6	3.0	30.0	66.0
r256	55.0	2.8	2.2	2.5	24.0	60.0
r355	52.0	3.0	1.0	2.0	15.0	50.0
r106	53.0	2.0	1.0	2.75	9.0	56.0
r358	55.0	4.0	1.0	2.25	15.0	64.0
r320	52.0	2.4	1.6	2.75	15.0	69.0
r259	50.0	2.8	1.2	2.5	10.0	65.0
r85	53.0	2.8	1.8	3.25	10.0	65.0
r248	46.0	3.6	1.8	3.75	20.0	70.0
r187	50.0	3.0	1.2	3.75	20.0	70.0
r117	43.0	3.4	1.2	3.0	15.0	63.0
r48	47.0	3.2	1.0	3.75	20.0	59.0
r18	46.0	3.2	1.2	3.75	20.0	64.0
r177	37.0	2.2	2.0	2.5	20.0	91.0
r319	33.0	2.8	1.0	2.5	20.0	85.0
r321	38.0	4.0	1.2	3.25	33.0	67.0
r268	39.0	2.8	1.6	3.25	30.0	70.0
r425	35.0	2.8	1.0	3.0	30.0	80.0
r411	21.0	3.0	1.6	3.25	13.0	74.0
r445	28.0	3.2	1.6	2.5	10.0	80.0
r183	32.0	3.2	1.4	2.5	10.0	80.0
r185	30.0	3.0	1.6	3.0	10.0	70.0
r162	32.0	3.0	1.4	2.75	10.0	75.0
r455	24.0	3.8	1.0	2.75	0.0	80.0
r129	24.0	3.6	1.4	2.75	0.0	85.0
r397	21.0	2.6	1.0	3.25	0.0	61.0
r251	21.0	2.6	1.6	2.5	1.0	65.0
r110	24.0	3.6	2.8	3.5	0.0	65.0
r83	30.0	3.2	1.8	3.25	0.0	60.0
r68	29.0	3.8	1.2	3.5	1.0	70.0
r81	35.0	3.8	1.2	3.25	1.0	70.0
r24	32.0	3.0	2.6	2.5	0.0	70.0
r112	27.0	4.0	1.8	3.5	1.0	75.0
r342	23.0	3.8	1.8	3.75	4.0	69.0
r1	24.0	4.0	3.4	4.0	2.0	70.0
r422	36.0	3.8	2.0	3.0	0.0	78.0
r477	37.0	3.2	2.4	3.25	1.0	75.0
r92	39.0	4.0	2.4	3.25	0.0	75.0
r146	42.0	2.2	1.4	3.5	1.0	80.0
r210	39.0	2.6	1.4	2.75	0.0	80.0
r88	41.0	3.6	1.0	1.25	0.0	80.0
r326	46.0	2.8	1.0	2.5	4.0	79.0
r284	45.0	2.8	1.0	2.75	2.0	80.0
r168	45.0	3.6	1.0	3.25	2.0	82.0
r198	42.0	3.4	1.0	2.75	5.0	80.0
r79	43.0	3.2	1.4	2.5	5.0	80.0
r360	43.0	2.8	1.6	2.5	10.0	70.0
r57	41.0	3.0	1.2	2.5	4.0	71.0
r213	49.0	3.6	2.0	4.0	0.0	70.0
r7	46.0	3.2	1.6	3.0	0.0	75.0
r243	38.0	4.0	1.2	3.0	0.0	100.0
r98	34.0	4.0	2.0	3.25	0.0	96.0
r175	40.0	3.0	1.8	2.75	10.0	90.0
r236	32.0	3.2	1.6	2.5	7.0	90.0
r470	31.0	4.0	1.0	2.5	5.0	91.0
r116	33.0	3.6	1.8	3.25	0.0	90.0
r149	37.0	4.0	1.4	3.5	5.0	88.0
r5	38.0	2.8	1.8	3.0	2.0	85.0
r346	54.0	3.0	1.0	2.75	0.0	98.0
r322	47.0	3.0	1.6	3.25	0.0	100.0
r55	52.0	3.2	1.0	3.25	10.0	88.0
r50	48.0	3.4	1.4	3.25	0.0	90.0
r186	52.0	3.0	1.0	2.5	0.0	86.0
r0	52.0	3.6	1.0	2.75	0.0	90.0
