Topic 0	Topic 1	Topic 2	Topic 3	Topic 4	Topic 5	Topic 6
0.60319316	0.000265842	0.000266168	0.000266014	0.30788198	0.000266277	0.08786058
0.39991257	0.000515169	0.117526434	0.000515671	0.103185385	0.37782893	0.000515898
0.001213768	0.940538	0.001215948	0.05338998	0.001215122	0.001214546	0.001212632
0.14094584	0.000369598	0.000369841	0.5071975	0.000369759	0.000369906	0.3503776
0.46342582	0.001235356	0.001237716	0.001235406	0.53039443	0.001235463	0.001235844
0.001301814	0.99218315	0.001304888	0.00130461	0.001301832	0.001302661	0.001301027
0.001257396	0.92263895	0.071072154	0.001258633	0.001257794	0.001258228	0.001256861
0.000996413	0.000997018	0.000995855	0.9462296	0.048787143	0.000996855	0.000997149
0.1273243	0.08462794	0.059745617	0.001479721	0.30339983	0.42194515	0.001477425
0.000626405	0.021852294	0.000626645	0.4679059	0.27967262	0.22868967	0.000626427
0.004677675	0.1155801	0.000403346	0.85369635	0.010599188	0.014640004	0.000403327
0.001364853	0.8678354	0.001366867	0.12533498	0.001367787	0.001366354	0.001363743
0.001154742	0.99306554	0.001157514	0.001157452	0.001155024	0.001155611	0.001154124
0.001184261	0.8559693	0.1381078	0.001186013	0.001183923	0.001184594	0.001184061
0.001129994	0.0708007	0.001130289	0.8500455	0.001129677	0.074634306	0.001129537
0.003127221	0.61805475	0.001208146	0.18671593	0.001204864	0.1884828	0.00120633
0.2749661	0.029090574	0.06988811	0.16105896	0.000710744	0.013762388	0.45052317
0.00102326	0.99385494	0.001025357	0.001025096	0.001023498	0.001024422	0.001023499
0.1640176	0.048949044	0.000784366	0.20342551	0.48609054	0.000784155	0.095948786
0.17968655	0.36384735	0.37852925	0.07383909	0.001365639	0.001366214	0.001365908
0.000513844	0.99691606	0.000514399	0.000514049	0.00051418	0.000513998	0.00051344
0.00089517	0.9946258	0.000896648	0.000896169	0.000895541	0.000895597	0.000895026
0.000689038	0.995864	0.000690656	0.000689094	0.000689013	0.000689653	0.000688563
0.000177172	0.49168104	0.00017721	0.000177052	0.17248063	0.33512977	0.000177113
0.000669711	0.9959803	0.000670725	0.000669738	0.000669503	0.000670019	0.000669963
0.000912786	0.99452156	0.000914531	0.000913111	0.000912483	0.000913384	0.000912123
0.000868519	0.9947875	0.00087022	0.000868598	0.000867965	0.000869046	0.000868157
0.000195017	0.47419426	0.000195016	0.000194818	0.279344	0.245682	0.00019488
0.001136877	0.9931737	0.001138903	0.001138457	0.001137682	0.00113826	0.001136076
0.001351957	0.001352092	0.001351109	0.001354395	0.001352025	0.001352012	0.9918864
0.001769797	0.9893773	0.00177239	0.001770856	0.001769067	0.001771204	0.001769341
0.000232244	0.36511713	0.000232157	0.000231984	0.34052554	0.29342896	0.000231998
0.24907862	0.41630402	0.000908721	0.011717377	0.22492568	0.000909214	0.0961564
0.000682942	0.9263265	0.048846956	0.022093661	0.000683146	0.000683852	0.000682941
0.00217524	0.80720586	0.002173637	0.002174458	0.18191843	0.002176192	0.00217618
0.001394459	0.20962954	0.001393186	0.001393205	0.001392895	0.78340554	0.001391157
0.000874877	0.4242846	0.000875212	0.52462626	0.000874875	0.04758942	0.000874788
0.0014935	0.84943575	0.001495126	0.001494682	0.14309314	0.001494305	0.001493492
0.001792026	0.98901916	0.001793023	0.001793054	0.001794083	0.002018293	0.001790351
0.001325739	0.9920386	0.001328773	0.001327846	0.00132612	0.001326529	0.001326388
0.000948975	0.8990116	0.096242025	0.000950704	0.000948853	0.000949193	0.000948657
0.2920127	0.001609659	0.001610777	0.001613287	0.001613027	0.001611877	0.69992864
0.002922666	0.9824574	0.002927	0.002925899	0.002923451	0.002922647	0.0029209
0.001838606	0.91561276	0.001839106	0.04150399	0.001837843	0.03552957	0.001838079
0.058868952	0.000534623	0.000534683	0.25996268	0.082751	0.029597128	0.56775093
0.002426515	0.9854327	0.002430521	0.00243002	0.002427301	0.002427033	0.002425956
0.001203756	0.99277085	0.001206389	0.001206165	0.0012043	0.001204378	0.001204187
0.01989748	0.000382339	0.000382634	0.09084211	0.000382925	0.19750191	0.69061065
0.39758894	0.001845299	0.001837388	0.16934437	0.00184111	0.001841038	0.4257019
0.001268132	0.99238724	0.001269972	0.001269403	0.001269262	0.00126936	0.001266639
0.002312876	0.95214564	0.002314618	0.036285926	0.002314358	0.002316176	0.002310435
0.001038344	0.9104981	0.084307306	0.001039486	0.001038778	0.001039944	0.001038003
0.001364261	0.9918063	0.001367476	0.0013661	0.001366084	0.001365206	0.001364549
0.000696397	0.36350816	0.000696869	0.49333563	0.034797005	0.1062702	0.000695694
0.000747485	0.15117916	0.000747019	0.30962113	0.000747725	0.53621095	0.000746567
0.08062923	0.120035216	0.001122665	0.41738823	0.001121118	0.3785826	0.00112096
0.000607053	0.9963546	0.000608196	0.000607971	0.000607438	0.000607815	0.000606985
0.000646335	0.34697494	0.000646333	0.16244923	0.000682985	0.48795435	0.000645835
0.002206833	0.67773134	0.002208392	0.31122464	0.002209212	0.002209727	0.002209848
0.001527517	0.6930799	0.00152559	0.033545632	0.001526085	0.26726678	0.001528476
0.001328329	0.3498127	0.001328169	0.17986684	0.00132951	0.46500495	0.001329517
0.001477365	0.9911302	0.001479602	0.001478584	0.001478298	0.001478424	0.001477564
0.001257326	0.992447	0.001258825	0.001259853	0.001258877	0.00125855	0.00125952
0.00052359	0.000523239	0.000523278	0.000523331	0.000523821	0.99685967	0.000523046
0.64387435	0.000766363	0.000766684	0.000767769	0.000767742	0.000767728	0.35228938
0.001245383	0.99252105	0.001248547	0.001248594	0.00124582	0.001246002	0.001244637
0.23738128	0.36151877	0.001816244	0.22169188	0.001815486	0.001815412	0.17396092
0.000848681	0.9949052	0.000849346	0.000849569	0.000849082	0.000849996	0.000848169
0.000982348	0.000983057	0.000981876	0.6093105	0.000983126	0.000982533	0.38577652
0.000982875	0.7655041	0.000982909	0.22958216	0.000982716	0.000983139	0.000982076
0.99410737	0.000981541	0.000981942	0.000981888	0.000982913	0.000981678	0.000982714
0.000849241	0.021464719	0.000848671	0.9742888	0.000849828	0.000849136	0.00084958
0.000868666	0.111139014	0.2459728	0.6394105	0.000869979	0.000869595	0.000869445
0.000815601	0.4398987	0.000815536	0.4936452	0.06319387	0.000815349	0.000815794
0.8015352	0.000907661	0.000908171	0.000908233	0.13008446	0.000908453	0.06474785
0.22050361	0.001048019	0.001048071	0.001047824	0.18056835	0.5947388	0.001045349
0.000885899	0.000886163	0.15420437	0.37249535	0.000885662	0.056421295	0.41422126
0.000759034	0.27549693	0.000758846	0.38529944	0.000759416	0.33616808	0.00075824
0.000623766	0.1400389	0.000623363	0.4991928	0.000624214	0.35827395	0.000623042
0.00091354	0.009987999	0.000913395	0.3308604	0.000913276	0.15910575	0.4973056
0.38236323	0.002435217	0.002431339	0.5085067	0.002432881	0.099398516	0.002432108
0.33081916	0.001380208	0.001380391	0.15181679	0.1776474	0.33557552	0.001380508
0.00079311	0.11314945	0.000791899	0.11886454	0.026532827	0.7390766	0.000791536
0.17403741	0.000805718	0.000805059	0.037639543	0.00080658	0.7850996	0.000806079
0.000566714	0.9873319	0.000567384	0.009832548	0.000567392	0.000567685	0.000566341
0.001303764	0.09697411	0.001303677	0.086332425	0.001305033	0.81147766	0.001303352
0.000801267	0.9951894	0.000802724	0.000802025	0.000801824	0.0008022	0.000800572
0.000562575	0.13279496	0.000562799	0.55979955	0.000562781	0.3051547	0.000562624
0.000783305	0.9952225	0.000783863	0.000861213	0.000783031	0.000782981	0.000783077
0.000468654	0.9971877	0.000468881	0.000469209	0.000468513	0.000468721	0.000468332
0.000464182	0.99708176	0.000464314	0.000597747	0.000464032	0.000464112	0.000463831
0.000989362	0.8965599	0.04038865	0.000990123	0.000989466	0.000990351	0.05909216
0.33184355	0.09741983	0.000569541	0.032875463	0.12324291	0.41347995	0.000568796
0.000350683	0.9978962	0.00035067	0.000351075	0.000350413	0.000350576	0.000350379
0.000873796	0.3664967	0.000874516	0.6291329	0.000874371	0.000874171	0.000873479
0.000982007	0.99410343	0.000983055	0.000983339	0.00098312	0.000983212	0.000981805
0.001010513	0.4634519	0.001010184	0.3017027	0.12876187	0.10305302	0.001009806
0.000811139	0.39246735	0.30669764	0.026244607	0.000811013	0.20633969	0.06662855
0.001730061	0.649323	0.001729949	0.13428691	0.080827095	0.13037218	0.001730747
0.000755787	0.2665633	0.000755235	0.439599	0.037482485	0.2540888	0.000755431
0.001302043	0.99217933	0.001304119	0.001305335	0.001303468	0.001303818	0.001301838
0.000165176	0.34814167	0.000165111	0.000165072	0.42555797	0.22564007	0.000164971
0.000580267	0.99651605	0.000581498	0.000580859	0.000580848	0.000580642	0.000579894
0.000680201	0.15564734	0.104091	0.64116573	0.090822615	0.00691364	0.000679463
0.000623517	0.000623018	0.000622604	0.40842366	0.00062425	0.000623551	0.5884594
0.000689335	0.000688902	0.000688467	0.47096094	0.000689975	0.00068946	0.5255929
0.000539511	0.9967627	0.000539484	0.000539494	0.000539944	0.000540246	0.00053861
0.72304183	0.00070566	0.000706059	0.000707016	0.006540743	0.000707105	0.26759157
0.001095789	0.06585816	0.001094551	0.6590812	0.00109584	0.00109507	0.27067935
0.001119563	0.9932784	0.001121108	0.001120493	0.001120465	0.001120496	0.001119496
0.001246233	0.99251705	0.001248847	0.001248665	0.001246839	0.001247327	0.001244982
0.000834577	0.000833078	0.000833538	0.4681161	0.000833874	0.000833889	0.5277149
0.001175604	0.7244921	0.001176328	0.26962882	0.001176416	0.001176173	0.001174583
0.000982984	0.37249976	0.000983049	0.6225852	0.000983403	0.000983517	0.000982147
0.001246762	0.9925142	0.001248649	0.001249221	0.001247053	0.001247452	0.001246691
0.00122566	0.99264246	0.001226989	0.00122726	0.001226343	0.001226949	0.001224339
0.001147146	0.83084905	0.001148265	0.16341159	0.001148521	0.001148518	0.001146936
0.001404614	0.99156857	0.001407127	0.001405604	0.001405227	0.001405735	0.001403108
0.001280433	0.9923145	0.001281599	0.001281099	0.001281213	0.001281218	0.001279903
0.002472524	0.81372434	0.002473445	0.002477222	0.002477167	0.17389652	0.002478772
0.001863051	0.5266846	0.001863633	0.043250065	0.001865725	0.42260855	0.001864344
0.000679339	0.000680003	0.05220281	0.9443981	0.000679675	0.000679791	0.000680272
0.002107195	0.9873483	0.002107793	0.002108221	0.0021088	0.002109512	0.002110134
0.001364527	0.99180335	0.001365547	0.001369535	0.001368627	0.001364871	0.001363563
0.00318488	0.98087645	0.003188074	0.003192312	0.003186059	0.003186822	0.003185374
0.002241028	0.9226403	0.00224201	0.002243596	0.06614863	0.002241023	0.002243368
0.001935434	0.9883818	0.001937506	0.001937483	0.001936284	0.001936489	0.001934972
0.3061715	0.000727567	0.000727986	0.07163198	0.000728291	0.5328365	0.08717612
0.000637024	0.000636948	0.000637195	0.58876526	0.000636854	0.000637081	0.4080496
0.21709344	0.044635	0.00106261	0.27509987	0.45998335	0.001063366	0.001062407
0.25138226	0.08583489	0.001129661	0.11971128	0.5396821	0.001130292	0.001129495
0.51976645	0.001710169	0.34540346	0.12799482	0.001707509	0.001709472	0.001708075
0.19564591	0.001407646	0.001409194	0.21085583	0.001408396	0.001406723	0.58786637
0.001011867	0.001010216	0.001010232	0.05653024	0.001009824	0.001011806	0.9384158
0.004484051	0.85315996	0.004485306	0.004494025	0.124407806	0.004486929	0.004481928
0.000558177	0.000557721	0.79430383	0.000557712	0.000557907	0.20290692	0.000557716
0.001685164	0.9898805	0.001686879	0.001688955	0.001687299	0.001686128	0.001685126
0.001835631	0.9889803	0.001838102	0.001838011	0.001837056	0.00183688	0.00183404
0.001686595	0.98987216	0.001688895	0.001687584	0.001688628	0.001686643	0.001689437
0.00292901	0.9824311	0.002927329	0.002928509	0.002930109	0.002928345	0.002925645
0.85460657	0.000604466	0.000605222	0.000604951	0.000605564	0.000605254	0.142368
0.89180976	0.00081472	0.000814476	0.000815485	0.000815618	0.024568379	0.08036152
0.08615918	0.14051563	0.000706956	0.000707118	0.2089962	0.5622083	0.000706608
0.5873801	0.001351112	0.001352907	0.001352706	0.001352903	0.001352369	0.4058579
0.000615057	0.9963063	0.000616197	0.000616138	0.00061579	0.000615941	0.000614562
0.001062113	0.001062947	0.99362916	0.001062017	0.00106082	0.001061833	0.001061164
0.001060823	0.99363	0.001062838	0.001063299	0.001061329	0.00106172	0.001059996
0.001577863	0.9138242	0.001577657	0.07829045	0.00157637	0.001577045	0.001576445
0.20251009	0.001392372	0.001393021	0.001392874	0.001392193	0.5958988	0.19602063
0.49271387	0.000863566	0.000863647	0.4532671	0.000864831	0.010290816	0.041136194
0.00124561	0.98855525	0.001248293	0.005211016	0.001247275	0.001247045	0.001245508
0.62215704	0.000751062	0.018785125	0.000751861	0.13577017	0.030565906	0.19121884
0.41066146	0.000542859	0.000543186	0.10275316	0.059259403	0.000543595	0.42569634
0.001138156	0.001139433	0.001138877	0.24100605	0.48293257	0.2715063	0.001138582
0.001138079	0.23666112	0.001137784	0.7576463	0.001139366	0.00113942	0.001137886
0.000833728	0.16942796	0.000833636	0.82601106	0.001225249	0.000834267	0.000834056
0.002205404	0.9867582	0.002207295	0.002210574	0.002206272	0.002207224	0.002205072
0.001061588	0.001061522	0.001062018	0.29350847	0.001061592	0.001061263	0.70118356
0.59361655	0.001279662	0.018979259	0.001281414	0.001281271	0.001463401	0.38209844
0.000608346	0.08023483	0.000607738	0.0006084	0.3678104	0.5495225	0.000607812
0.002143778	0.21495152	0.19621602	0.002144474	0.21193627	0.37046394	0.002144
0.32928818	0.000497839	0.000497599	0.05732451	0.01651679	0.000498683	0.59537643
0.77354026	0.0009948	0.00099543	0.21619141	0.000996523	0.000996971	0.006284537
0.104331	0.000426508	0.00042658	0.022342868	0.18469983	0.000427063	0.68734616
0.41259465	0.001577243	0.00157616	0.001576338	0.29763368	0.001576603	0.28346536
0.5776534	0.001575272	0.001575756	0.21727854	0.05473131	0.14560787	0.001577852
0.44159806	0.00131561	0.001315786	0.001317245	0.001316802	0.22311205	0.33002445
0.3424477	0.005728935	0.005728617	0.005741374	0.62887543	0.005737909	0.005740059
0.001166911	0.001166666	0.001166424	0.14076583	0.00116663	0.0011658	0.8534017
0.67684036	0.000551303	0.000551554	0.061775718	0.07972003	0.18000916	0.000551861
0.04893735	0.23110439	0.000811078	0.16368537	0.1581471	0.3965038	0.00081095
0.3902842	0.002316614	0.002317181	0.31423482	0.05980842	0.2287241	0.002314603
0.001750541	0.001751383	0.001751387	0.5446397	0.44660667	0.00175053	0.001749787
0.2847286	0.002353063	0.002353858	0.5216304	0.1842302	0.002352571	0.00235128
0.001226419	0.54721713	0.001227006	0.4466496	0.001226007	0.001226889	0.001226913
0.000721616	0.04117017	0.000721106	0.5899197	0.3483175	0.018429	0.000720922
0.0018187	0.001818564	0.001817329	0.001816767	0.9890938	0.001817758	0.001817144
0.001491596	0.9910463	0.001495087	0.001492985	0.001491893	0.001492145	0.001489972
0.001049784	0.55671895	0.001047596	0.42479786	0.001049409	0.014288171	0.001048189
0.000885399	0.40699533	0.000885709	0.0353122	0.09905684	0.4559789	0.00088564
0.90433884	0.001508948	0.001509702	0.001510876	0.00151038	0.001509756	0.08811151
0.000689723	0.53927165	0.000689949	0.27268636	0.00069029	0.18528217	0.000689838
0.42281017	0.002240482	0.27921927	0.28900328	0.002241882	0.002242171	0.002242717
0.05494951	0.000682629	0.00068251	0.78054327	0.12498287	0.000683369	0.03747585
0.77527285	0.001544913	0.001544473	0.13318464	0.001543945	0.08536707	0.001542154
0.00115816	0.001156592	0.001156811	0.95546204	0.001156361	0.001156762	0.038753264
0.5739915	0.080617614	0.001816519	0.001816979	0.19919781	0.1407438	0.001815836
0.000717239	0.031476792	0.16581474	0.5528906	0.24766526	0.000717661	0.000717718
0.5535944	0.00116554	0.001165708	0.20417228	0.100314766	0.02063866	0.118948616
0.00140845	0.42741185	0.001408332	0.5655514	0.001406786	0.001407581	0.001405625
0.000501165	0.282149	0.000501335	0.71534365	0.000501665	0.000501596	0.000501582
0.001507195	0.9909503	0.001511144	0.001509265	0.001507794	0.001508227	0.00150612
0.00089637	0.26408574	0.000896939	0.49094298	0.24138437	0.000897044	0.000896595
0.00080097	0.51255	0.000801757	0.44925588	0.000801804	0.03498871	0.000800874
0.000937712	0.0996757	0.26749974	0.30757242	0.063001655	0.2603753	0.000937483
0.002393277	0.26014322	0.002390606	0.7278971	0.002390347	0.002390649	0.002394801
0.001612308	0.328922	0.001611802	0.18386574	0.06297074	0.41940835	0.001609009
0.43124256	0.5634395	0.001063633	0.001063871	0.001063411	0.001064255	0.001062777
0.37090465	0.43334633	0.001393018	0.001393596	0.001394047	0.19017595	0.001392388
0.52218884	0.000829674	0.000828433	0.2059053	0.006988047	0.26243153	0.000828119
