	feature	feature_idx	coef	se	t	p	r2
0	(intercept)	-1	1.0194213231900844			0.0	0.6368323169307304
1	x420	328	-0.01754200650070576	3.064340495731372e-05	-572.4561785853036	0.0	0.6368323169307304
2	x456	360	0.001628827436328033	3.065393359403069e-05	53.13600068100944	0.0	0.6368323169307304
3	x433	340	0.0015638123508582222	3.063764152178146e-05	51.042191016774204	0.0	0.6368323169307304
4	x292	239	0.0015923196536827638	3.066224538956413e-05	51.93095396153566	0.0	0.6368323169307304
5	x341	276	0.0014584137619899269	3.0636933759015126e-05	47.60312417233264	0.0	0.6368323169307304
6	x412	321	0.001471035018010305	3.066368844769611e-05	47.973192152649524	0.0	0.6368323169307304
7	x146	135	0.0014031741916126846	3.065618593535035e-05	45.77132310496109	0.0	0.6368323169307304
8	x484	379	0.0013198100273925947	3.066230124272127e-05	43.04341076506435	0.0	0.6368323169307304
9	x557	425	-0.001248198705950795	3.0646791760649676e-05	-40.72852766120452	0.0	0.6368323169307304
10	x369	300	-0.0014151926515417427	3.0644222499642456e-05	-46.181385465343574	0.0	0.6368323169307304
11	x64	58	0.0020069928765698913	3.0652942698554564e-05	65.4747211811586	0.0	0.6368323169307304
12	x118	108	-0.0018082743172084625	3.064002828003192e-05	-59.01673133855798	0.0	0.6368323169307304
13	x85	77	-0.002418215477058699	3.064126422681966e-05	-78.92022532614975	0.0	0.6368323169307304
14	x500	393	-0.0029325173502874106	3.064897437603265e-05	-95.68076615903418	0.0	0.6368323169307304
15	x419	327	-0.0030114443232467257	3.066200892386366e-05	-98.21418846770264	0.0	0.6368323169307304
16	x355	288	-0.004018737279511264	3.0654837615644455e-05	-131.09634863830865	0.0	0.6368323169307304
17	x56	50	-0.00428481685588211	3.065226561360989e-05	-139.7879331301244	0.0	0.6368323169307304
18	x112	102	-0.004563361999659197	3.063724159947821e-05	-148.9482003411468	0.0	0.6368323169307304
19	x103	93	-0.011538539639004858	3.065194721796409e-05	-376.4374105486683	0.0	0.6368323169307304
20	x287	234	-0.011932441620359073	3.0647732307380514e-05	-389.3417464197027	0.0	0.6368323169307304
21	x28	25	-0.013828234351251575	3.065265288649516e-05	-451.12683729061405	0.0	0.6368323169307304
22	x36	33	-0.014240532648801789	3.0653968940276185e-05	-464.55754804694095	0.0	0.6368323169307304
23	x551	419	-0.0021929366752601255	3.064741798551507e-05	-71.55371706342689	0.0	0.6368323169307304
24	x26	23	0.002127185574305424	3.066555077824481e-05	69.36727110130768	0.0	0.6368323169307304
25	x432	339	0.0017461947034437312	3.063882212460345e-05	56.99287969825412	0.0	0.6368323169307304
26	x247	207	0.002301348842330295	3.063610731665016e-05	75.11883995391132	0.0	0.6368323169307304
27	x386	306	0.028209604824867004	3.064059497893792e-05	920.6611309035625	0.0	0.6368323169307304
28	x92	83	0.015614872089795326	3.06504294282252e-05	509.45035293423945	0.0	0.6368323169307304
29	x248	208	0.010597025844015557	3.064220566412233e-05	345.8310397160204	0.0	0.6368323169307304
30	x288	235	0.007676249116960523	3.065189889425468e-05	250.4330692020957	0.0	0.6368323169307304
31	x8	6	0.00735662281248021	3.066395204858666e-05	239.91111128871222	0.0	0.6368323169307304
32	x424	331	0.006183211293746557	3.065436801850218e-05	201.70734852581305	0.0	0.6368323169307304
33	x130	120	0.00542805683781557	3.065312580750733e-05	177.0800430566912	0.0	0.6368323169307304
34	x17	14	0.005254857993320151	3.06613995000467e-05	171.38350104704605	0.0	0.6368323169307304
35	x252	212	0.004823113150963262	3.066197917434905e-05	157.2994725336629	0.0	0.6368323169307304
36	x82	74	0.004617310570106512	3.065731407121216e-05	150.61040766262886	0.0	0.6368323169307304
37	x153	141	0.004428292288412088	3.064086048768282e-05	144.52245197853358	0.0	0.6368323169307304
38	x347	281	0.004066713095248704	3.064242511121998e-05	132.7151190053702	0.0	0.6368323169307304
39	x478	375	0.003911930300595596	3.064794953088477e-05	127.64084907714421	0.0	0.6368323169307304
40	x276	225	0.00221386270078334	3.064864366748722e-05	72.2336271974037	0.0	0.6368323169307304
41	x196	173	0.0036163415591700396	3.064596856921544e-05	118.00382653928371	0.0	0.6368323169307304
42	x583	451	0.003201920586075942	3.0634572286555335e-05	104.51983974593229	0.0	0.6368323169307304
43	x431	338	0.002916444220117255	3.0653262768239086e-05	95.14302742150778	0.0	0.6368323169307304
44	x51	46	0.002793743082428825	3.065064107786739e-05	91.14794941258722	0.0	0.6368323169307304
45	x9	7	0.002644100083660566	3.065071024495955e-05	86.2655404239901	0.0	0.6368323169307304
46	x81	73	0.002564199679234653	3.0652596318619e-05	83.65358851110132	0.0	0.6368323169307304
47	x350	283	0.002427547352532408	3.065594154180156e-05	79.18684700067928	0.0	0.6368323169307304
48	x571	439	0.0024637116583713188	3.064420857273772e-05	80.39730092958355	0.0	0.6368323169307304
49	x101	91	0.0024469364786050382	3.063726637462142e-05	79.86797675369543	0.0	0.6368323169307304
50	x366	297	0.0023401087908585475	3.063961415021101e-05	76.37526959008495	0.0	0.6368323169307304
51	x117	107	-0.02557031878917294	3.0650074554067434e-05	-834.266120431985	0.0	0.6368323169307304
52	x458	362	-0.0011173711879042289	3.0671122445645886e-05	-36.43072371689	1.7320886558943327e-290	0.6368323169307304
53	x441	348	-0.0008240506319608682	3.065723386209759e-05	-26.87948415919107	4.073815673816317e-159	0.6368323169307304
54	x143	132	-0.0005757657757072539	3.0651286109226305e-05	-18.78439206940629	1.0293860229841675e-78	0.6368323169307304
55	x363	295	0.0005605176116220197	3.064868863590182e-05	18.28846963995159	1.0369378604644245e-74	0.6368323169307304
56	x578	446	-0.0004386728796674479	3.0643058628653206e-05	-14.315570941644216	1.7585132292343358e-46	0.6368323169307304
