	feature	feature_idx	coef	se	t	p	r2
0	(intercept)	-1	1.164411074927497			0.0	0.6128953640372568
1	x11	9	-0.01236859269601329	0.0001469290005330843	-84.18074478923735	0.0	0.6128953640372568
2	x18	15	-0.012340450856393466	0.0001469792405374542	-83.96050225370972	0.0	0.6128953640372568
3	x91	82	-0.012102444018880847	0.00014695958502241455	-82.35219238700871	0.0	0.6128953640372568
4	x578	446	-0.011193395146845012	0.00014693750807526036	-76.17792960740721	0.0	0.6128953640372568
5	x580	448	-0.00974509668795822	0.00014689866177730655	-66.33890717623731	0.0	0.6128953640372568
6	x85	77	-0.008851088024408182	0.00014700653306370825	-60.20880732268126	0.0	0.6128953640372568
7	x113	103	-0.00883425323266774	0.00014689245322505563	-60.14096053752113	0.0	0.6128953640372568
8	x446	353	-0.01271138384795806	0.00014696662560895353	-86.49163573898953	0.0	0.6128953640372568
9	x384	304	-0.00859273449232035	0.0001469509181862964	-58.473499848615766	0.0	0.6128953640372568
10	x317	259	-0.008226461216335586	0.00014704204912144767	-55.946317842327105	0.0	0.6128953640372568
11	x118	108	-0.008091513807209422	0.00014694793397198528	-55.06381470291389	0.0	0.6128953640372568
12	x128	118	-0.00683287978380775	0.00014696908552978645	-46.49195277480936	0.0	0.6128953640372568
13	x9	7	-0.006801812781459756	0.00014695956123803763	-46.2835675621168	0.0	0.6128953640372568
14	x280	228	-0.006216504500880476	0.00014690746070168022	-42.315784856591534	0.0	0.6128953640372568
15	x528	407	-0.006046549457919283	0.00014694930945168875	-41.147178441877294	0.0	0.6128953640372568
16	x486	381	-0.006023547146232532	0.00014704474129760328	-40.964043277423286	0.0	0.6128953640372568
17	x332	267	-0.008584130059917877	0.00014696725635241013	-58.408452827983304	0.0	0.6128953640372568
18	x391	311	-0.005935549532303484	0.00014693636955143632	-40.39537352408653	0.0	0.6128953640372568
19	x36	33	-0.01425017676382141	0.00014702490516727652	-96.92355691444504	0.0	0.6128953640372568
20	x311	256	-0.014850608346779592	0.00014696067646959764	-101.05157858232776	0.0	0.6128953640372568
21	x7	5	-0.03807574421511287	0.00014701763055032733	-258.98760626589416	0.0	0.6128953640372568
22	x58	52	-0.031087221485698546	0.00014697123742413756	-211.51908380539356	0.0	0.6128953640372568
23	x563	431	-0.030969113053729024	0.00014694184474150089	-210.7576171253987	0.0	0.6128953640372568
24	x1	0	-0.02900683132064458	0.0001469285736779683	-197.42130883418565	0.0	0.6128953640372568
25	x274	223	-0.02908112114430282	0.00014697265214509586	-197.86756733213915	0.0	0.6128953640372568
26	x518	398	-0.02701166798070223	0.00014699848906759953	-183.75473212027708	0.0	0.6128953640372568
27	x103	93	-0.026371919424038315	0.00014697970846678116	-179.42557989219733	0.0	0.6128953640372568
28	x581	449	-0.014603072585205584	0.00014691979379878614	-99.3948616971598	0.0	0.6128953640372568
29	x247	207	-0.02069761139844041	0.0001469725199425768	-140.82640351085436	0.0	0.6128953640372568
30	x144	133	-0.018405300284431967	0.00014693127882462598	-125.26468449512468	0.0	0.6128953640372568
31	x474	371	-0.01776944922029989	0.0001469481966255983	-120.92322075631692	0.0	0.6128953640372568
32	x49	45	-0.01756009600024154	0.00014695240638853667	-119.49512384175121	0.0	0.6128953640372568
33	x324	265	-0.016501800975289624	0.00014701599413994906	-112.24493683034956	0.0	0.6128953640372568
34	x390	310	-0.01569330678010184	0.00014701715173982483	-106.74473416458353	0.0	0.6128953640372568
35	x38	35	-0.015111938825087908	0.00014689650688148558	-102.87473232620873	0.0	0.6128953640372568
36	x512	396	-0.015428779028270055	0.00014703127463527304	-104.93535519257932	0.0	0.6128953640372568
37	x282	230	-0.019848817445884157	0.00014700318500373197	-135.023043516916	0.0	0.6128953640372568
38	x378	302	-0.07086891927081744	0.00014691192155318552	-482.39052706938594	0.0	0.6128953640372568
39	x141	131	-0.07155370373001442	0.00014695892034025617	-486.89595408257674	0.0	0.6128953640372568
40	x469	366	0.012658029692299394	0.0001469475456624874	86.13978297652318	0.0	0.6128953640372568
41	x134	124	0.007107644928729133	0.0001469177844655617	48.37838356046815	0.0	0.6128953640372568
42	x8	6	0.00725454830382532	0.00014692525321613256	49.37577540297724	0.0	0.6128953640372568
43	x495	389	0.007402320692240157	0.00014691826864500227	50.38393632398664	0.0	0.6128953640372568
44	x163	149	0.009374144279176055	0.00014701812148436495	63.76182870880291	0.0	0.6128953640372568
45	x66	60	0.009603251156606521	0.00014697298242428614	65.34024824292916	0.0	0.6128953640372568
46	x413	322	0.010228540538894444	0.00014702805347646087	69.5686319518066	0.0	0.6128953640372568
47	x246	206	0.012742860493056054	0.00014690250310893662	86.7436580274367	0.0	0.6128953640372568
48	x440	347	0.006235511525267251	0.00014696108642245953	42.42967765863155	0.0	0.6128953640372568
49	x302	247	0.005819185032891229	0.00014695602047603475	39.59813972943156	0.0	0.6128953640372568
50	x218	193	0.013184428116264664	0.0001469199479850282	89.73885641184829	0.0	0.6128953640372568
51	x29	26	0.013019307665853243	0.00014695747755013428	88.59234577847003	0.0	0.6128953640372568
52	x223	197	0.013196414539414574	0.00014698135496907033	89.78291526970567	0.0	0.6128953640372568
53	x488	383	0.013475654653812391	0.0001468719278491135	91.75105720445357	0.0	0.6128953640372568
54	x587	455	0.013447182560107188	0.00014696448060197456	91.49954128389929	0.0	0.6128953640372568
55	x339	274	0.013619372925484182	0.00014693842752657734	92.68761858106036	0.0	0.6128953640372568
56	x552	420	0.014171067055133548	0.00014694448703926708	96.43823555862086	0.0	0.6128953640372568
57	x287	234	0.012761952378637248	0.00014694457618109278	86.84874740058162	0.0	0.6128953640372568
58	x164	150	0.014971191059336449	0.0001468877765527611	101.92264741619871	0.0	0.6128953640372568
59	x478	375	0.0061903657862793365	0.00014699025483539698	42.114123777875264	0.0	0.6128953640372568
60	x342	277	0.018003913141942354	0.00014703107020431753	122.44971839573587	0.0	0.6128953640372568
61	x291	238	0.12636688341930036	0.00014697976655511028	859.757001804183	0.0	0.6128953640372568
62	x125	115	0.10236941084598127	0.00014700483671079787	696.3676375313573	0.0	0.6128953640372568
63	x461	364	0.06056450137031079	0.00014703985247219764	411.89174466672125	0.0	0.6128953640372568
64	x87	78	0.058690507776312684	0.00014688192832719118	399.57609792250895	0.0	0.6128953640372568
65	x217	192	0.039945544010162856	0.00014691090196935447	271.903197616304	0.0	0.6128953640372568
66	x46	42	0.0393064702258674	0.0001469254085299679	267.52670364602176	0.0	0.6128953640372568
67	x153	141	0.036507902461814346	0.0001469481624935659	248.44068712606622	0.0	0.6128953640372568
68	x16	13	0.017738036400026393	0.00014702062617943392	120.6499853862525	0.0	0.6128953640372568
69	x114	104	0.0055505500878622735	0.00014700413701093778	37.75778152045672	0.0	0.6128953640372568
70	x588	456	0.029210084363958024	0.00014696795488200267	198.7513835067662	0.0	0.6128953640372568
71	x561	429	0.02886296520648645	0.00014696582513301512	196.39235979087857	0.0	0.6128953640372568
72	x253	213	0.025421004396630087	0.00014697189482410191	172.96507217964572	0.0	0.6128953640372568
73	x20	17	0.02079048110880153	0.00014698773737767962	141.44364339306176	0.0	0.6128953640372568
74	x426	333	0.020833911012619746	0.00014706490398381513	141.66473746117273	0.0	0.6128953640372568
75	x484	379	0.020374021896674328	0.00014698932341426841	138.6088555510461	0.0	0.6128953640372568
76	x525	404	0.02016310004490129	0.00014697354922508114	137.18863122794102	0.0	0.6128953640372568
77	x585	453	0.03337856223066313	0.0001469656363841489	227.11814170909958	0.0	0.6128953640372568
78	x361	293	0.01638791144929019	0.00014698303862946296	111.49525552130754	0.0	0.6128953640372568
79	x206	183	0.004981156270790836	0.00014693867701768692	33.899558454519486	7.977769943478466e-252	0.6128953640372568
80	x3	2	-0.004797619131315931	0.00014695756281836412	-32.64628944102501	1.0428627927734819e-233	0.6128953640372568
81	x576	444	-0.004668475310392199	0.00014687467347478453	-31.785434479237725	1.1692980771435545e-221	0.6128953640372568
82	x434	341	0.004658557398473294	0.000146962404467943	31.698973729634837	1.821405414388556e-220	0.6128953640372568
83	x146	135	-0.004535173132126364	0.0001469287370812849	-30.8664814128048	3.77201607366387e-209	0.6128953640372568
84	x4	3	-0.004360877485196577	0.0001469531550310205	-29.675289953972303	1.7636772418297645e-193	0.6128953640372568
85	x358	291	0.00426849357543434	0.00014699380673457023	29.03859468815613	2.3436830736452374e-185	0.6128953640372568
86	x420	328	0.003947868039892652	0.00014693717778841277	26.867727414620145	5.589275111048759e-159	0.6128953640372568
87	x160	146	0.0036954546784821727	0.00014691473765839766	25.153737040832134	1.352429345216148e-139	0.6128953640372568
88	x79	71	-0.0035786649395299287	0.00014690947440596392	-24.359660627746752	4.786848517513578e-131	0.6128953640372568
89	x318	260	-0.0030309529796982934	0.00014695282530588524	-20.625346762740385	1.6629786308848647e-94	0.6128953640372568
90	x154	142	0.0029636488358016698	0.00014695483099161135	20.16707321429157	1.9459055044405636e-90	0.6128953640372568
91	x84	76	0.002939933366360203	0.00014689639083749004	20.01365281746521	4.273313314403236e-89	0.6128953640372568
92	x583	451	-0.0027978952278436033	0.00014703584163320438	-19.02866128942379	1.0038367949971422e-80	0.6128953640372568
93	x281	229	-0.002352230705981746	0.00014698147763348484	-16.00358592017494	1.2162359860752649e-57	0.6128953640372568
94	x181	165	-0.002285227913652536	0.00014698178103170906	-15.547695079021619	1.661547736382856e-54	0.6128953640372568
95	x335	270	0.0022623449314334385	0.00014699530473277222	15.3905931590552	1.9063253009219466e-53	0.6128953640372568
96	x88	79	-0.002098960146656345	0.0001469917523858747	-14.279441618916616	2.9549383829737984e-46	0.6128953640372568
97	x438	345	0.001488033367201001	0.0001468998075302709	10.129580101011157	4.089477014319334e-24	0.6128953640372568
